the 1 2 4 8 16 32 64 128 256 512 1024 
, 1 2 4 8 16 32 64 128 256 512 1025 
of 1 2 4 8 16 32 64 128 256 513 1026 
. 1 2 4 8 16 32 64 128 256 513 1027 
to 1 2 4 8 16 32 64 128 257 514 1028 
and 1 2 4 8 16 32 64 128 257 514 1029 
in 1 2 4 8 16 32 64 128 257 515 
is 1 2 4 8 16 32 64 129 258 516 1032 
a 1 2 4 8 16 32 64 129 258 516 1033 
that 1 2 4 8 16 32 64 129 258 517 
this 1 2 4 8 16 32 64 129 259 518 1036 
i 1 2 4 8 16 32 64 129 259 518 1037 
for 1 2 4 8 16 32 64 129 259 519 
we 1 2 4 8 16 32 65 130 260 520 1040 
on 1 2 4 8 16 32 65 130 260 520 1041 
be 1 2 4 8 16 32 65 130 260 521 
which 1 2 4 8 16 32 65 130 261 522 1044 
it 1 2 4 8 16 32 65 130 261 522 1045 
as 1 2 4 8 16 32 65 130 261 523 
are 1 2 4 8 16 32 65 131 262 524 1048 
have 1 2 4 8 16 32 65 131 262 524 1049 
not 1 2 4 8 16 32 65 131 262 525 
commission 1 2 4 8 16 32 65 131 263 526 1052 
mr 1 2 4 8 16 32 65 131 263 526 1053 
with 1 2 4 8 16 32 65 131 263 527 
by 1 2 4 8 16 33 66 132 264 528 1056 
would 1 2 4 8 16 33 66 132 264 528 1057 
has 1 2 4 8 16 33 66 132 264 529 1058 
report 1 2 4 8 16 33 66 132 264 529 1059 
european 1 2 4 8 16 33 66 132 265 530 1060 
you 1 2 4 8 16 33 66 132 265 530 1061 
like 1 2 4 8 16 33 66 132 265 531 
been 1 2 4 8 16 33 66 133 266 532 1064 
will 1 2 4 8 16 33 66 133 266 532 1065 
president 1 2 4 8 16 33 66 133 266 533 
should 1 2 4 8 16 33 66 133 267 534 1068 
' 1 2 4 8 16 33 66 133 267 534 1069 
also 1 2 4 8 16 33 66 133 267 535 
there 1 2 4 8 16 33 67 134 268 536 1072 
regions 1 2 4 8 16 33 67 134 268 536 1073 
our 1 2 4 8 16 33 67 134 268 537 
all 1 2 4 8 16 33 67 134 269 538 1076 
an 1 2 4 8 16 33 67 134 269 538 1077 
parliament 1 2 4 8 16 33 67 134 269 539 
but 1 2 4 8 16 33 67 135 270 540 1080 
policy 1 2 4 8 16 33 67 135 270 540 1081 
s 1 2 4 8 16 33 67 135 270 541 
these 1 2 4 8 16 33 67 135 271 542 1084 
more 1 2 4 8 16 33 67 135 271 542 1085 
- 1 2 4 8 16 33 67 135 271 543 
at 1 2 4 8 17 34 68 136 272 544 1088 
aid 1 2 4 8 17 34 68 136 272 544 1089 
must 1 2 4 8 17 34 68 136 272 545 1090 
my 1 2 4 8 17 34 68 136 272 545 1091 
regional 1 2 4 8 17 34 68 136 273 546 1092 
or 1 2 4 8 17 34 68 136 273 546 1093 
development 1 2 4 8 17 34 68 136 273 547 
union 1 2 4 8 17 34 68 137 274 548 1096 
very 1 2 4 8 17 34 68 137 274 548 1097 
they 1 2 4 8 17 34 68 137 274 549 
so 1 2 4 8 17 34 68 137 275 550 1100 
one 1 2 4 8 17 34 68 137 275 550 1101 
funds 1 2 4 8 17 34 68 137 275 551 
social 1 2 4 8 17 34 69 138 276 552 1104 
their 1 2 4 8 17 34 69 138 276 552 1105 
if 1 2 4 8 17 34 69 138 276 553 
member 1 2 4 8 17 34 69 138 277 554 1108 
states 1 2 4 8 17 34 69 138 277 554 1109 
structural 1 2 4 8 17 34 69 138 277 555 
competition 1 2 4 8 17 34 69 139 278 556 1112 
from 1 2 4 8 17 34 69 139 278 556 1113 
state 1 2 4 8 17 34 69 139 278 557 
committee 1 2 4 8 17 34 69 139 279 558 1116 
do 1 2 4 8 17 34 69 139 279 558 1117 
was 1 2 4 8 17 34 69 139 279 559 
can 1 2 4 8 17 35 70 140 280 560 1120 
economic 1 2 4 8 17 35 70 140 280 560 1121 
transport 1 2 4 8 17 35 70 140 280 561 
what 1 2 4 8 17 35 70 140 281 562 1124 
guidelines 1 2 4 8 17 35 70 140 281 562 1125 
make 1 2 4 8 17 35 70 140 281 563 
time 1 2 4 8 17 35 70 141 282 564 1128 
safety 1 2 4 8 17 35 70 141 282 564 1129 
cohesion 1 2 4 8 17 35 70 141 282 565 
europe 1 2 4 8 17 35 70 141 283 566 1132 
its 1 2 4 8 17 35 70 141 283 566 1133 
only 1 2 4 8 17 35 70 141 283 567 
us 1 2 4 8 17 35 71 142 284 568 1136 
commissioner 1 2 4 8 17 35 71 142 284 568 1137 
when 1 2 4 8 17 35 71 142 284 569 
because 1 2 4 8 17 35 71 142 285 570 1140 
point 1 2 4 8 17 35 71 142 285 570 1141 
between 1 2 4 8 17 35 71 142 285 571 
areas 1 2 4 8 17 35 71 143 286 572 1144 
just 1 2 4 8 17 35 71 143 286 572 1145 
mrs 1 2 4 8 17 35 71 143 286 573 
particularly 1 2 4 8 17 35 71 143 287 574 1148 
debate 1 2 4 8 17 35 71 143 287 574 1149 
important 1 2 4 8 17 35 71 143 287 575 
into 1 2 4 9 18 36 72 144 288 576 1152 
therefore 1 2 4 9 18 36 72 144 288 576 1153 
) 1 2 4 9 18 36 72 144 288 577 1154 
group 1 2 4 9 18 36 72 144 288 577 1155 
market 1 2 4 9 18 36 72 144 289 578 1156 
work 1 2 4 9 18 36 72 144 289 578 1157 
countries 1 2 4 9 18 36 72 144 289 579 
new 1 2 4 9 18 36 72 145 290 580 1160 
now 1 2 4 9 18 36 72 145 290 580 1161 
take 1 2 4 9 18 36 72 145 290 581 
your 1 2 4 9 18 36 72 145 291 582 1164 
am 1 2 4 9 18 36 72 145 291 582 1165 
no 1 2 4 9 18 36 72 145 291 583 
were 1 2 4 9 18 36 73 146 292 584 1168 
amendments 1 2 4 9 18 36 73 146 292 584 1169 
where 1 2 4 9 18 36 73 146 292 585 
within 1 2 4 9 18 36 73 146 293 586 1172 
( 1 2 4 9 18 36 73 146 293 586 1173 
about 1 2 4 9 18 36 73 146 293 587 
however 1 2 4 9 18 36 73 147 294 588 1176 
issue 1 2 4 9 18 36 73 147 294 588 1177 
matter 1 2 4 9 18 36 73 147 294 589 
out 1 2 4 9 18 36 73 147 295 590 1180 
shall 1 2 4 9 18 36 73 147 295 590 1181 
way 1 2 4 9 18 36 73 147 295 591 
employment 1 2 4 9 18 37 74 148 296 592 1184 
most 1 2 4 9 18 37 74 148 296 592 1185 
need 1 2 4 9 18 37 74 148 296 593 1186 
up 1 2 4 9 18 37 74 148 296 593 1187 
taken 1 2 4 9 18 37 74 148 297 594 1188 
any 1 2 4 9 18 37 74 148 297 594 1189 
first 1 2 4 9 18 37 74 148 297 595 
made 1 2 4 9 18 37 74 149 298 596 1192 
people 1 2 4 9 18 37 74 149 298 596 1193 
rural 1 2 4 9 18 37 74 149 298 597 
who 1 2 4 9 18 37 74 149 299 598 1196 
1999 1 2 4 9 18 37 74 149 299 598 1197 
madam 1 2 4 9 18 37 74 149 299 599 
today 1 2 4 9 18 37 75 150 300 600 1200 
being 1 2 4 9 18 37 75 150 300 600 1201 
goods 1 2 4 9 18 37 75 150 300 601 
objectives 1 2 4 9 18 37 75 150 301 602 1204 
than 1 2 4 9 18 37 75 150 301 602 1205 
dangerous 1 2 4 9 18 37 75 150 301 603 
me 1 2 4 9 18 37 75 151 302 604 1208 
say 1 2 4 9 18 37 75 151 302 604 1209 
some 1 2 4 9 18 37 75 151 302 605 
such 1 2 4 9 18 37 75 151 303 606 1212 
them 1 2 4 9 18 37 75 151 303 606 1213 
too 1 2 4 9 18 37 75 151 303 607 
two 1 2 4 9 19 38 76 152 304 608 1216 
objective 1 2 4 9 19 38 76 152 304 608 1217 
order 1 2 4 9 19 38 76 152 304 609 1218 
other 1 2 4 9 19 38 76 152 304 609 1219 
own 1 2 4 9 19 38 76 152 305 610 1220 
period 1 2 4 9 19 38 76 152 305 610 1221 
rapporteur 1 2 4 9 19 38 76 152 305 611 
situation 1 2 4 9 19 38 76 153 306 612 1224 
well 1 2 4 9 19 38 76 153 306 612 1225 
ask 1 2 4 9 19 38 76 153 306 613 
believe 1 2 4 9 19 38 76 153 307 614 1228 
case 1 2 4 9 19 38 76 153 307 614 1229 
directive 1 2 4 9 19 38 76 153 307 615 
had 1 2 4 9 19 38 77 154 308 616 1232 
house 1 2 4 9 19 38 77 154 308 616 1233 
national 1 2 4 9 19 38 77 154 308 617 
proposal 1 2 4 9 19 38 77 154 309 618 1236 
see 1 2 4 9 19 38 77 154 309 618 1237 
thank 1 2 4 9 19 38 77 154 309 619 
vote 1 2 4 9 19 38 77 155 310 620 1240 
? 1 2 4 9 19 38 77 155 310 620 1241 
ensure 1 2 4 9 19 38 77 155 310 621 
programmes 1 2 4 9 19 38 77 155 311 622 1244 
concerned 1 2 4 9 19 38 77 155 311 622 1245 
even 1 2 4 9 19 38 77 155 311 623 
fact 1 2 4 9 19 39 78 156 312 624 1248 
his 1 2 4 9 19 39 78 156 312 624 1249 
may 1 2 4 9 19 39 78 156 312 625 
particular 1 2 4 9 19 39 78 156 313 626 1252 
regard 1 2 4 9 19 39 78 156 313 626 1253 
still 1 2 4 9 19 39 78 156 313 627 
those 1 2 4 9 19 39 78 157 314 628 1256 
: 1 2 4 9 19 39 78 157 314 628 1257 
able 1 2 4 9 19 39 78 157 314 629 
account 1 2 4 9 19 39 78 157 315 630 1260 
eu 1 2 4 9 19 39 78 157 315 630 1261 
given 1 2 4 9 19 39 78 157 315 631 
good 1 2 4 9 19 39 79 158 316 632 1264 
regarding 1 2 4 9 19 39 79 158 316 632 1265 
schroedter 1 2 4 9 19 39 79 158 316 633 
support 1 2 4 9 19 39 79 158 317 634 1268 
then 1 2 4 9 19 39 79 158 317 634 1269 
; 1 2 4 9 19 39 79 158 317 635 
already 1 2 4 9 19 39 79 159 318 636 1272 
community 1 2 4 9 19 39 79 159 318 636 1273 
programme 1 2 4 9 19 39 79 159 318 637 
since 1 2 4 9 19 39 79 159 319 638 1276 
1 1 2 4 9 19 39 79 159 319 638 1277 
amendment 1 2 4 9 19 39 79 159 319 639 
clear 1 2 5 10 20 40 80 160 320 640 1280 
far 1 2 5 10 20 40 80 160 320 640 1281 
how 1 2 5 10 20 40 80 160 320 641 1282 
let 1 2 5 10 20 40 80 160 320 641 1283 
much 1 2 5 10 20 40 80 160 321 642 1284 
next 1 2 5 10 20 40 80 160 321 642 1285 
number 1 2 5 10 20 40 80 160 321 643 
possible 1 2 5 10 20 40 80 161 322 644 1288 
rules 1 2 5 10 20 40 80 161 322 644 1289 
does 1 2 5 10 20 40 80 161 322 645 
fund 1 2 5 10 20 40 80 161 323 646 1292 
importance 1 2 5 10 20 40 80 161 323 646 1293 
public 1 2 5 10 20 40 80 161 323 647 
role 1 2 5 10 20 40 81 162 324 648 1296 
unemployment 1 2 5 10 20 40 81 162 324 648 1297 
why 1 2 5 10 20 40 81 162 324 649 
example 1 2 5 10 20 40 81 162 325 650 1300 
future 1 2 5 10 20 40 81 162 325 650 1301 
great 1 2 5 10 20 40 81 162 325 651 
once 1 2 5 10 20 40 81 163 326 652 1304 
policies 1 2 5 10 20 40 81 163 326 652 1305 
principle 1 2 5 10 20 40 81 163 326 653 
question 1 2 5 10 20 40 81 163 327 654 1308 
sector 1 2 5 10 20 40 81 163 327 654 1309 
view 1 2 5 10 20 40 81 163 327 655 
adopted 1 2 5 10 20 41 82 164 328 656 1312 
again 1 2 5 10 20 41 82 164 328 656 1313 
both 1 2 5 10 20 41 82 164 328 657 1314 
finally 1 2 5 10 20 41 82 164 328 657 1315 
her 1 2 5 10 20 41 82 164 329 658 1316 
indeed 1 2 5 10 20 41 82 164 329 658 1317 
last 1 2 5 10 20 41 82 164 329 659 
many 1 2 5 10 20 41 82 165 330 660 1320 
mentioned 1 2 5 10 20 41 82 165 330 660 1321 
necessary 1 2 5 10 20 41 82 165 330 661 
part 1 2 5 10 20 41 82 165 331 662 1324 
use 1 2 5 10 20 41 82 165 331 662 1325 
whether 1 2 5 10 20 41 82 165 331 663 
years 1 2 5 10 20 41 83 166 332 664 1328 
/ 1 2 5 10 20 41 83 166 332 664 1329 
behalf 1 2 5 10 20 41 83 166 332 665 
comments 1 2 5 10 20 41 83 166 333 666 1332 
council 1 2 5 10 20 41 83 166 333 666 1333 
done 1 2 5 10 20 41 83 166 333 667 
few 1 2 5 10 20 41 83 167 334 668 1336 
here 1 2 5 10 20 41 83 167 334 668 1337 
measures 1 2 5 10 20 41 83 167 334 669 
problems 1 2 5 10 20 41 83 167 335 670 1340 
remote 1 2 5 10 20 41 83 167 335 670 1341 
right 1 2 5 10 20 41 83 167 335 671 
road 1 2 5 10 21 42 84 168 336 672 1344 
specific 1 2 5 10 21 42 84 168 336 672 1345 
terms 1 2 5 10 21 42 84 168 336 673 1346 
's 1 2 5 10 21 42 84 168 336 673 1347 
area 1 2 5 10 21 42 84 168 337 674 1348 
citizens 1 2 5 10 21 42 84 168 337 674 1349 
common 1 2 5 10 21 42 84 168 337 675 
competitiveness 1 2 5 10 21 42 84 169 338 676 1352 
level 1 2 5 10 21 42 84 169 338 676 1353 
opportunity 1 2 5 10 21 42 84 169 338 677 
position 1 2 5 10 21 42 84 169 339 678 1356 
present 1 2 5 10 21 42 84 169 339 678 1357 
quality 1 2 5 10 21 42 84 169 339 679 
quite 1 2 5 10 21 42 85 170 340 680 1360 
regulations 1 2 5 10 21 42 85 170 340 680 1361 
think 1 2 5 10 21 42 85 170 340 681 
want 1 2 5 10 21 42 85 170 341 682 1364 
wish 1 2 5 10 21 42 85 170 341 682 1365 
working 1 2 5 10 21 42 85 170 341 683 
attention 1 2 5 10 21 42 85 171 342 684 1368 
come 1 2 5 10 21 42 85 171 342 684 1369 
course 1 2 5 10 21 42 85 171 342 685 
economy 1 2 5 10 21 42 85 171 343 686 1372 
firstly 1 2 5 10 21 42 85 171 343 686 1373 
gentlemen 1 2 5 10 21 42 85 171 343 687 
give 1 2 5 10 21 43 86 172 344 688 1376 
lack 1 2 5 10 21 43 86 172 344 688 1377 
ladies 1 2 5 10 21 43 86 172 344 689 
law 1 2 5 10 21 43 86 172 345 690 1380 
points 1 2 5 10 21 43 86 172 345 690 1381 
process 1 2 5 10 21 43 86 172 345 691 
requirements 1 2 5 10 21 43 86 173 346 692 1384 
same 1 2 5 10 21 43 86 173 346 692 1385 
second 1 2 5 10 21 43 86 173 346 693 
steel 1 2 5 10 21 43 86 173 347 694 1388 
subject 1 2 5 10 21 43 86 173 347 694 1389 
year 1 2 5 10 21 43 86 173 347 695 
action 1 2 5 10 21 43 87 174 348 696 1392 
agenda 1 2 5 10 21 43 87 174 348 696 1393 
before 1 2 5 10 21 43 87 174 348 697 
berend 1 2 5 10 21 43 87 174 349 698 1396 
cannot 1 2 5 10 21 43 87 174 349 698 1397 
code 1 2 5 10 21 43 87 174 349 699 
conditions 1 2 5 10 21 43 87 175 350 700 1400 
hope 1 2 5 10 21 43 87 175 350 700 1401 
item 1 2 5 10 21 43 87 175 350 701 
jobs 1 2 5 10 21 43 87 175 351 702 1404 
know 1 2 5 10 21 43 87 175 351 702 1405 
koch 1 2 5 10 21 43 87 175 351 703 
local 1 2 5 11 22 44 88 176 352 704 1408 
often 1 2 5 11 22 44 88 176 352 704 1409 
periodic 1 2 5 11 22 44 88 176 352 705 1410 
place 1 2 5 11 22 44 88 176 352 705 1411 
something 1 2 5 11 22 44 88 176 353 706 1412 
towards 1 2 5 11 22 44 88 176 353 706 1413 
under 1 2 5 11 22 44 88 176 353 707 
various 1 2 5 11 22 44 88 177 354 708 1416 
" 1 2 5 11 22 44 88 177 354 708 1417 
accordance 1 2 5 11 22 44 88 177 354 709 
appropriate 1 2 5 11 22 44 88 177 355 710 1420 
business 1 2 5 11 22 44 88 177 355 710 1421 
certain 1 2 5 11 22 44 88 177 355 711 
certainly 1 2 5 11 22 44 89 178 356 712 1424 
deal 1 2 5 11 22 44 89 178 356 712 1425 
decision 1 2 5 11 22 44 89 178 356 713 
especially 1 2 5 11 22 44 89 178 357 714 1428 
form 1 2 5 11 22 44 89 178 357 714 1429 
general 1 2 5 11 22 44 89 178 357 715 
growth 1 2 5 11 22 44 89 179 358 716 1432 
opportunities 1 2 5 11 22 44 89 179 358 716 1433 
political 1 2 5 11 22 44 89 179 358 717 
priorities 1 2 5 11 22 44 89 179 359 718 1436 
priority 1 2 5 11 22 44 89 179 359 718 1437 
programming 1 2 5 11 22 44 89 179 359 719 
provide 1 2 5 11 22 45 90 180 360 720 1440 
rather 1 2 5 11 22 45 90 180 360 720 1441 
reform 1 2 5 11 22 45 90 180 360 721 
reports 1 2 5 11 22 45 90 180 361 722 1444 
request 1 2 5 11 22 45 90 180 361 722 1445 
transparency 1 2 5 11 22 45 90 180 361 723 
treaty 1 2 5 11 22 45 90 181 362 724 1448 
2 1 2 5 11 22 45 90 181 362 724 1449 
2000-2006 1 2 5 11 22 45 90 181 362 725 
affairs 1 2 5 11 22 45 90 181 363 726 1452 
analysis 1 2 5 11 22 45 90 181 363 726 1453 
concerning 1 2 5 11 22 45 90 181 363 727 
consideration 1 2 5 11 22 45 91 182 364 728 1456 
continue 1 2 5 11 22 45 91 182 364 728 1457 
could 1 2 5 11 22 45 91 182 364 729 
decisions 1 2 5 11 22 45 91 182 365 730 1460 
did 1 2 5 11 22 45 91 182 365 730 1461 
end 1 2 5 11 22 45 91 182 365 731 
greater 1 2 5 11 22 45 91 183 366 732 1464 
industry 1 2 5 11 22 45 91 183 366 732 1465 
issues 1 2 5 11 22 45 91 183 366 733 
key 1 2 5 11 22 45 91 183 367 734 1468 
look 1 2 5 11 22 45 91 183 367 734 1469 
major 1 2 5 11 22 45 91 183 367 735 
members 1 2 5 11 23 46 92 184 368 736 1472 
mention 1 2 5 11 23 46 92 184 368 736 1473 
party 1 2 5 11 23 46 92 184 368 737 1474 
presented 1 2 5 11 23 46 92 184 368 737 1475 
procedure 1 2 5 11 23 46 92 184 369 738 1476 
research 1 2 5 11 23 46 92 184 369 738 1477 
resources 1 2 5 11 23 46 92 184 369 739 
set 1 2 5 11 23 46 92 185 370 740 1480 
several 1 2 5 11 23 46 92 185 370 740 1481 
sitting 1 2 5 11 23 46 92 185 370 741 
sixth 1 2 5 11 23 46 92 185 371 742 1484 
small 1 2 5 11 23 46 92 185 371 742 1485 
sustainable 1 2 5 11 23 46 92 185 371 743 
through 1 2 5 11 23 46 93 186 372 744 1488 
tomorrow 1 2 5 11 23 46 93 186 372 744 1489 
used 1 2 5 11 23 46 93 186 372 745 
1998 1 2 5 11 23 46 93 186 373 746 1492 
advisers 1 2 5 11 23 46 93 186 373 746 1493 
after 1 2 5 11 23 46 93 186 373 747 
agriculture 1 2 5 11 23 46 93 187 374 748 1496 
always 1 2 5 11 23 46 93 187 374 748 1497 
article 1 2 5 11 23 46 93 187 374 749 
authorities 1 2 5 11 23 46 93 187 375 750 1500 
cases 1 2 5 11 23 46 93 187 375 750 1501 
central 1 2 5 11 23 46 93 187 375 751 
clearly 1 2 5 11 23 47 94 188 376 752 1504 
companies 1 2 5 11 23 47 94 188 376 752 1505 
conclusions 1 2 5 11 23 47 94 188 376 753 
conference 1 2 5 11 23 47 94 188 377 754 1508 
create 1 2 5 11 23 47 94 188 377 754 1509 
creation 1 2 5 11 23 47 94 188 377 755 
day 1 2 5 11 23 47 94 189 378 756 1512 
down 1 2 5 11 23 47 94 189 378 756 1513 
each 1 2 5 11 23 47 94 189 378 757 
efforts 1 2 5 11 23 47 94 189 379 758 1516 
five 1 2 5 11 23 47 94 189 379 758 1517 
fundamental 1 2 5 11 23 47 94 189 379 759 
hand 1 2 5 11 23 47 95 190 380 760 1520 
harmonisation 1 2 5 11 23 47 95 190 380 760 1521 
help 1 2 5 11 23 47 95 190 380 761 
implementation 1 2 5 11 23 47 95 190 381 762 1524 
increase 1 2 5 11 23 47 95 190 381 762 1525 
information 1 2 5 11 23 47 95 190 381 763 
internal 1 2 5 11 23 47 95 191 382 764 1528 
least 1 2 5 11 23 47 95 191 382 764 1529 
might 1 2 5 11 23 47 95 191 382 765 
minutes 1 2 5 11 23 47 95 191 383 766 1532 
monetary 1 2 5 11 23 47 95 191 383 766 1533 
ourselves 1 2 5 11 23 47 95 191 383 767 
over 1 3 6 12 24 48 96 192 384 768 1536 
past 1 3 6 12 24 48 96 192 384 768 1537 
pointed 1 3 6 12 24 48 96 192 384 769 1538 
previous 1 3 6 12 24 48 96 192 384 769 1539 
private 1 3 6 12 24 48 96 192 385 770 1540 
put 1 3 6 12 24 48 96 192 385 770 1541 
serious 1 3 6 12 24 48 96 192 385 771 
she 1 3 6 12 24 48 96 193 386 772 1544 
speak 1 3 6 12 24 48 96 193 386 772 1545 
standards 1 3 6 12 24 48 96 193 386 773 
strategic 1 3 6 12 24 48 96 193 387 774 1548 
tabled 1 3 6 12 24 48 96 193 387 774 1549 
though 1 3 6 12 24 48 96 193 387 775 
thus 1 3 6 12 24 48 97 194 388 776 1552 
wales 1 3 6 12 24 48 97 194 388 776 1553 
% 1 3 6 12 24 48 97 194 388 777 
accept 1 3 6 12 24 48 97 194 389 778 1556 
against 1 3 6 12 24 48 97 194 389 778 1557 
agree 1 3 6 12 24 48 97 194 389 779 
another 1 3 6 12 24 48 97 195 390 780 1560 
basis 1 3 6 12 24 48 97 195 390 780 1561 
better 1 3 6 12 24 48 97 195 390 781 
call 1 3 6 12 24 48 97 195 391 782 1564 
capital 1 3 6 12 24 48 97 195 391 782 1565 
cen 1 3 6 12 24 48 97 195 391 783 
congratulate 1 3 6 12 24 49 98 196 392 784 1568 
cooperation 1 3 6 12 24 49 98 196 392 784 1569 
coordination 1 3 6 12 24 49 98 196 392 785 1570 
disparities 1 3 6 12 24 49 98 196 392 785 1571 
draw 1 3 6 12 24 49 98 196 393 786 1572 
during 1 3 6 12 24 49 98 196 393 786 1573 
effective 1 3 6 12 24 49 98 196 393 787 
either 1 3 6 12 24 49 98 197 394 788 1576 
enlargement 1 3 6 12 24 49 98 197 394 788 1577 
every 1 3 6 12 24 49 98 197 394 789 
excellent 1 3 6 12 24 49 98 197 395 790 1580 
extremely 1 3 6 12 24 49 98 197 395 790 1581 
favour 1 3 6 12 24 49 98 197 395 791 
feel 1 3 6 12 24 49 99 198 396 792 1584 
find 1 3 6 12 24 49 99 198 396 792 1585 
four 1 3 6 12 24 49 99 198 396 793 
get 1 3 6 12 24 49 99 198 397 794 1588 
he 1 3 6 12 24 49 99 198 397 794 1589 
improve 1 3 6 12 24 49 99 198 397 795 
including 1 3 6 12 24 49 99 199 398 796 1592 
increased 1 3 6 12 24 49 99 199 398 796 1593 
increasing 1 3 6 12 24 49 99 199 398 797 
involved 1 3 6 12 24 49 99 199 399 798 1596 
legislative 1 3 6 12 24 49 99 199 399 798 1597 
less 1 3 6 12 24 49 99 199 399 799 
monopolies 1 3 6 12 25 50 100 200 400 800 1600 
months 1 3 6 12 25 50 100 200 400 800 1601 
opinion 1 3 6 12 25 50 100 200 400 801 1602 
partnership 1 3 6 12 25 50 100 200 400 801 1603 
positive 1 3 6 12 25 50 100 200 401 802 1604 
precisely 1 3 6 12 25 50 100 200 401 802 1605 
projects 1 3 6 12 25 50 100 200 401 803 
proposed 1 3 6 12 25 50 100 201 402 804 1608 
rail 1 3 6 12 25 50 100 201 402 804 1609 
reason 1 3 6 12 25 50 100 201 402 805 
respect 1 3 6 12 25 50 100 201 403 806 1612 
responsible 1 3 6 12 25 50 100 201 403 806 1613 
result 1 3 6 12 25 50 100 201 403 807 
sectors 1 3 6 12 25 50 101 202 404 808 1616 
services 1 3 6 12 25 50 101 202 404 808 1617 
socialists 1 3 6 12 25 50 101 202 404 809 
society 1 3 6 12 25 50 101 202 405 810 1620 
specifically 1 3 6 12 25 50 101 202 405 810 1621 
tell 1 3 6 12 25 50 101 202 405 811 
together 1 3 6 12 25 50 101 203 406 812 1624 
training 1 3 6 12 25 50 101 203 406 812 1625 
upon 1 3 6 12 25 50 101 203 406 813 
whole 1 3 6 12 25 50 101 203 407 814 1628 
women 1 3 6 12 25 50 101 203 407 814 1629 
actually 1 3 6 12 25 50 101 203 407 815 
approved 1 3 6 12 25 51 102 204 408 816 1632 
balance 1 3 6 12 25 51 102 204 408 816 1633 
concern 1 3 6 12 25 51 102 204 408 817 
conclusion 1 3 6 12 25 51 102 204 409 818 1636 
demand 1 3 6 12 25 51 102 204 409 818 1637 
develop 1 3 6 12 25 51 102 204 409 819 
discussing 1 3 6 12 25 51 102 205 410 820 1640 
due 1 3 6 12 25 51 102 205 410 820 1641 
effect 1 3 6 12 25 51 102 205 410 821 
enterprises 1 3 6 12 25 51 102 205 411 822 1644 
extent 1 3 6 12 25 51 102 205 411 822 1645 
force 1 3 6 12 25 51 102 205 411 823 
forward 1 3 6 12 25 51 103 206 412 824 1648 
further 1 3 6 12 25 51 103 206 412 824 1649 
going 1 3 6 12 25 51 103 206 412 825 
groups 1 3 6 12 25 51 103 206 413 826 1652 
improved 1 3 6 12 25 51 103 206 413 826 1653 
infrastructure 1 3 6 12 25 51 103 206 413 827 
islands 1 3 6 12 25 51 103 207 414 828 1656 
itself 1 3 6 12 25 51 103 207 414 828 1657 
job 1 3 6 12 25 51 103 207 414 829 
kind 1 3 6 12 25 51 103 207 415 830 1660 
legal 1 3 6 12 25 51 103 207 415 830 1661 
levels 1 3 6 12 25 51 103 207 415 831 
means 1 3 6 13 26 52 104 208 416 832 1664 
minimum 1 3 6 13 26 52 104 208 416 832 1665 
modernisation 1 3 6 13 26 52 104 208 416 833 1666 
needs 1 3 6 13 26 52 104 208 416 833 1667 
off 1 3 6 13 26 52 104 208 417 834 1668 
problem 1 3 6 13 26 52 104 208 417 834 1669 
propose 1 3 6 13 26 52 104 208 417 835 
provided 1 3 6 13 26 52 104 209 418 836 1672 
reduction 1 3 6 13 26 52 104 209 418 836 1673 
regards 1 3 6 13 26 52 104 209 418 837 
regulation 1 3 6 13 26 52 104 209 419 838 1676 
remind 1 3 6 13 26 52 104 209 419 838 1677 
said 1 3 6 13 26 52 104 209 419 839 
text 1 3 6 13 26 52 105 210 420 840 1680 
thinking 1 3 6 13 26 52 105 210 420 840 1681 
tourism 1 3 6 13 26 52 105 210 420 841 
unfortunately 1 3 6 13 26 52 105 210 421 842 1684 
urban 1 3 6 13 26 52 105 210 421 842 1685 
week 1 3 6 13 26 52 105 210 421 843 
[ 1 3 6 13 26 52 105 211 422 844 1688 
] 1 3 6 13 26 52 105 211 422 844 1689 
according 1 3 6 13 26 52 105 211 422 845 
achieve 1 3 6 13 26 52 105 211 423 846 1692 
agreed 1 3 6 13 26 52 105 211 423 846 1693 
although 1 3 6 13 26 52 105 211 423 847 
annual 1 3 6 13 26 53 106 212 424 848 1696 
back 1 3 6 13 26 53 106 212 424 848 1697 
businesses 1 3 6 13 26 53 106 212 424 849 1698 
challenges 1 3 6 13 26 53 106 212 424 849 1699 
comes 1 3 6 13 26 53 106 212 425 850 1700 
concerns 1 3 6 13 26 53 106 212 425 850 1701 
convergence 1 3 6 13 26 53 106 212 425 851 
country 1 3 6 13 26 53 106 213 426 852 1704 
data 1 3 6 13 26 53 106 213 426 852 1705 
discussion 1 3 6 13 26 53 106 213 426 853 
economies 1 3 6 13 26 53 106 213 427 854 1708 
energy 1 3 6 13 26 53 106 213 427 854 1709 
enough 1 3 6 13 26 53 106 213 427 855 
examination 1 3 6 13 26 53 107 214 428 856 1712 
expressed 1 3 6 13 26 53 107 214 428 856 1713 
fellow 1 3 6 13 26 53 107 214 428 857 
financial 1 3 6 13 26 53 107 214 429 858 1716 
focus 1 3 6 13 26 53 107 214 429 858 1717 
furthermore 1 3 6 13 26 53 107 214 429 859 
gdp 1 3 6 13 26 53 107 215 430 860 1720 
having 1 3 6 13 26 53 107 215 430 860 1721 
hear 1 3 6 13 26 53 107 215 430 861 
human 1 3 6 13 26 53 107 215 431 862 1724 
implementing 1 3 6 13 26 53 107 215 431 862 1725 
institutions 1 3 6 13 26 53 107 215 431 863 
large 1 3 6 13 27 54 108 216 432 864 1728 
legislation 1 3 6 13 27 54 108 216 432 864 1729 
light 1 3 6 13 27 54 108 216 432 865 1730 
long 1 3 6 13 27 54 108 216 432 865 1731 
manner 1 3 6 13 27 54 108 216 433 866 1732 
mean 1 3 6 13 27 54 108 216 433 866 1733 
medium-sized 1 3 6 13 27 54 108 216 433 867 
mind 1 3 6 13 27 54 108 217 434 868 1736 
note 1 3 6 13 27 54 108 217 434 868 1737 
optimum 1 3 6 13 27 54 108 217 434 869 
parliamentary 1 3 6 13 27 54 108 217 435 870 1740 
part-session 1 3 6 13 27 54 108 217 435 870 1741 
planning 1 3 6 13 27 54 108 217 435 871 
pleased 1 3 6 13 27 54 109 218 436 872 1744 
plenary 1 3 6 13 27 54 109 218 436 872 1745 
poor 1 3 6 13 27 54 109 218 436 873 
project 1 3 6 13 27 54 109 218 437 874 1748 
proper 1 3 6 13 27 54 109 218 437 874 1749 
proposals 1 3 6 13 27 54 109 218 437 875 
ready 1 3 6 13 27 54 109 219 438 876 1752 
real 1 3 6 13 27 54 109 219 438 876 1753 
responsibility 1 3 6 13 27 54 109 219 438 877 
roads 1 3 6 13 27 54 109 219 439 878 1756 
seen 1 3 6 13 27 54 109 219 439 878 1757 
simply 1 3 6 13 27 54 109 219 439 879 
speakers 1 3 6 13 27 55 110 220 440 880 1760 
speech 1 3 6 13 27 55 110 220 440 880 1761 
subsidiarity 1 3 6 13 27 55 110 220 440 881 
three 1 3 6 13 27 55 110 220 441 882 1764 
type 1 3 6 13 27 55 110 220 441 882 1765 
while 1 3 6 13 27 55 110 220 441 883 
without 1 3 6 13 27 55 110 221 442 884 1768 
yesterday 1 3 6 13 27 55 110 221 442 884 1769 
yet 1 3 6 13 27 55 110 221 442 885 
young 1 3 6 13 27 55 110 221 443 886 1772 
affected 1 3 6 13 27 55 110 221 443 886 1773 
agricultural 1 3 6 13 27 55 110 221 443 887 
applied 1 3 6 13 27 55 111 222 444 888 1776 
aspects 1 3 6 13 27 55 111 222 444 888 1777 
available 1 3 6 13 27 55 111 222 444 889 
aware 1 3 6 13 27 55 111 222 445 890 1780 
become 1 3 6 13 27 55 111 222 445 890 1781 
briefly 1 3 6 13 27 55 111 222 445 891 
bring 1 3 6 13 27 55 111 223 446 892 1784 
communication 1 3 6 13 27 55 111 223 446 892 1785 
competitive 1 3 6 13 27 55 111 223 446 893 
consider 1 3 6 13 27 55 111 223 447 894 1788 
considerable 1 3 6 13 27 55 111 223 447 894 1789 
content 1 3 6 13 27 55 111 223 447 895 
context 1 3 7 14 28 56 112 224 448 896 1792 
cos 1 3 7 14 28 56 112 224 448 896 1793 
de 1 3 7 14 28 56 112 224 448 897 1794 
declared 1 3 7 14 28 56 112 224 448 897 1795 
despite 1 3 7 14 28 56 112 224 449 898 1796 
differences 1 3 7 14 28 56 112 224 449 898 1797 
different 1 3 7 14 28 56 112 224 449 899 
disaster 1 3 7 14 28 56 112 225 450 900 1800 
discussed 1 3 7 14 28 56 112 225 450 900 1801 
draft 1 3 7 14 28 56 112 225 450 901 
eastern 1 3 7 14 28 56 112 225 451 902 1804 
effectiveness 1 3 7 14 28 56 112 225 451 902 1805 
effects 1 3 7 14 28 56 112 225 451 903 
enforcement 1 3 7 14 28 56 113 226 452 904 1808 
equal 1 3 7 14 28 56 113 226 452 904 1809 
establishing 1 3 7 14 28 56 113 226 452 905 
evans 1 3 7 14 28 56 113 226 453 906 1812 
experience 1 3 7 14 28 56 113 226 453 906 1813 
express 1 3 7 14 28 56 113 226 453 907 
face 1 3 7 14 28 56 113 227 454 908 1816 
flexibility 1 3 7 14 28 56 113 227 454 908 1817 
generally 1 3 7 14 28 56 113 227 454 909 
germany 1 3 7 14 28 56 113 227 455 910 1820 
governments 1 3 7 14 28 56 113 227 455 910 1821 
granted 1 3 7 14 28 56 113 227 455 911 
high 1 3 7 14 28 57 114 228 456 912 1824 
him 1 3 7 14 28 57 114 228 456 912 1825 
idea 1 3 7 14 28 57 114 228 456 913 1826 
improving 1 3 7 14 28 57 114 228 456 913 1827 
include 1 3 7 14 28 57 114 228 457 914 1828 
included 1 3 7 14 28 57 114 228 457 914 1829 
inland 1 3 7 14 28 57 114 228 457 915 
interest 1 3 7 14 28 57 114 229 458 916 1832 
involvement 1 3 7 14 28 57 114 229 458 916 1833 
little 1 3 7 14 28 57 114 229 458 917 
majority 1 3 7 14 28 57 114 229 459 918 1836 
making 1 3 7 14 28 57 114 229 459 918 1837 
maximum 1 3 7 14 28 57 114 229 459 919 
money 1 3 7 14 28 57 115 230 460 920 1840 
needed 1 3 7 14 28 57 115 230 460 920 1841 
plans 1 3 7 14 28 57 115 230 460 921 
practice 1 3 7 14 28 57 115 230 461 922 1844 
presentation 1 3 7 14 28 57 115 230 461 922 1845 
presidents 1 3 7 14 28 57 115 230 461 923 
procedures 1 3 7 14 28 57 115 231 462 924 1848 
progress 1 3 7 14 28 57 115 231 462 924 1849 
provisions 1 3 7 14 28 57 115 231 462 925 
purpose 1 3 7 14 28 57 115 231 463 926 1852 
questions 1 3 7 14 28 57 115 231 463 926 1853 
raise 1 3 7 14 28 57 115 231 463 927 
refer 1 3 7 14 29 58 116 232 464 928 1856 
referred 1 3 7 14 29 58 116 232 464 928 1857 
relation 1 3 7 14 29 58 116 232 464 929 1858 
representatives 1 3 7 14 29 58 116 232 464 929 1859 
require 1 3 7 14 29 58 116 232 465 930 1860 
respond 1 3 7 14 29 58 116 232 465 930 1861 
secondly 1 3 7 14 29 58 116 232 465 931 
seem 1 3 7 14 29 58 116 233 466 932 1864 
speaking 1 3 7 14 29 58 116 233 466 932 1865 
special 1 3 7 14 29 58 116 233 466 933 
strategy 1 3 7 14 29 58 116 233 467 934 1868 
submitted 1 3 7 14 29 58 116 233 467 934 1869 
success 1 3 7 14 29 58 116 233 467 935 
supported 1 3 7 14 29 58 117 234 468 936 1872 
takes 1 3 7 14 29 58 117 234 468 936 1873 
tax 1 3 7 14 29 58 117 234 468 937 
term 1 3 7 14 29 58 117 234 469 938 1876 
thing 1 3 7 14 29 58 117 234 469 938 1877 
thursday 1 3 7 14 29 58 117 234 469 939 
transported 1 3 7 14 29 58 117 235 470 940 1880 
until 1 3 7 14 29 58 117 235 470 940 1881 
absolutely 1 3 7 14 29 58 117 235 470 941 
accepted 1 3 7 14 29 58 117 235 471 942 1884 
achieved 1 3 7 14 29 58 117 235 471 942 1885 
activity 1 3 7 14 29 58 117 235 471 943 
address 1 3 7 14 29 59 118 236 472 944 1888 
administration 1 3 7 14 29 59 118 236 472 944 1889 
adopting 1 3 7 14 29 59 118 236 472 945 
aim 1 3 7 14 29 59 118 236 473 946 1892 
amend 1 3 7 14 29 59 118 236 473 946 1893 
among 1 3 7 14 29 59 118 236 473 947 
apply 1 3 7 14 29 59 118 237 474 948 1896 
approach 1 3 7 14 29 59 118 237 474 948 1897 
asked 1 3 7 14 29 59 118 237 474 949 
assist 1 3 7 14 29 59 118 237 475 950 1900 
austria 1 3 7 14 29 59 118 237 475 950 1901 
bearing 1 3 7 14 29 59 118 237 475 951 
behind 1 3 7 14 29 59 119 238 476 952 1904 
broad 1 3 7 14 29 59 119 238 476 952 1905 
bureaucracy 1 3 7 14 29 59 119 238 476 953 
cause 1 3 7 14 29 59 119 238 477 954 1908 
changes 1 3 7 14 29 59 119 238 477 954 1909 
closed 1 3 7 14 29 59 119 238 477 955 
com 1 3 7 14 29 59 119 239 478 956 1912 
coming 1 3 7 14 29 59 119 239 478 956 1913 
commitment 1 3 7 14 29 59 119 239 478 957 
conclude 1 3 7 14 29 59 119 239 479 958 1916 
consequently 1 3 7 14 29 59 119 239 479 958 1917 
considering 1 3 7 14 29 59 119 239 479 959 
contribution 1 3 7 15 30 60 120 240 480 960 1920 
criteria 1 3 7 15 30 60 120 240 480 960 1921 
current 1 3 7 15 30 60 120 240 480 961 1922 
date 1 3 7 15 30 60 120 240 480 961 1923 
debated 1 3 7 15 30 60 120 240 481 962 1924 
delay 1 3 7 15 30 60 120 240 481 962 1925 
details 1 3 7 15 30 60 120 240 481 963 
directives 1 3 7 15 30 60 120 241 482 964 1928 
disasters 1 3 7 15 30 60 120 241 482 964 1929 
diversity 1 3 7 15 30 60 120 241 482 965 
doing 1 3 7 15 30 60 120 241 483 966 1932 
drawing 1 3 7 15 30 60 120 241 483 966 1933 
effort 1 3 7 15 30 60 120 241 483 967 
enable 1 3 7 15 30 60 121 242 484 968 1936 
environment 1 3 7 15 30 60 121 242 484 968 1937 
essential 1 3 7 15 30 60 121 242 484 969 
establishment 1 3 7 15 30 60 121 242 485 970 1940 
evaluation 1 3 7 15 30 60 121 242 485 970 1941 
explain 1 3 7 15 30 60 121 242 485 971 
failure 1 3 7 15 30 60 121 243 486 972 1944 
fall 1 3 7 15 30 60 121 243 486 972 1945 
follow 1 3 7 15 30 60 121 243 486 973 
following 1 3 7 15 30 60 121 243 487 974 1948 
french 1 3 7 15 30 60 121 243 487 974 1949 
funding 1 3 7 15 30 60 121 243 487 975 
go 1 3 7 15 30 61 122 244 488 976 1952 
government 1 3 7 15 30 61 122 244 488 976 1953 
harmonising 1 3 7 15 30 61 122 244 488 977 
indicators 1 3 7 15 30 61 122 244 489 978 1956 
individual 1 3 7 15 30 61 122 244 489 978 1957 
initiative 1 3 7 15 30 61 122 244 489 979 
integrated 1 3 7 15 30 61 122 245 490 980 1960 
intended 1 3 7 15 30 61 122 245 490 980 1961 
intervention 1 3 7 15 30 61 122 245 490 981 
introduce 1 3 7 15 30 61 122 245 491 982 1964 
involving 1 3 7 15 30 61 122 245 491 982 1965 
january 1 3 7 15 30 61 122 245 491 983 
jonckheer 1 3 7 15 30 61 123 246 492 984 1968 
lead 1 3 7 15 30 61 123 246 492 984 1969 
life 1 3 7 15 30 61 123 246 492 985 
line 1 3 7 15 30 61 123 246 493 986 1972 
living 1 3 7 15 30 61 123 246 493 986 1973 
longer 1 3 7 15 30 61 123 246 493 987 
main 1 3 7 15 30 61 123 247 494 988 1976 
matters 1 3 7 15 30 61 123 247 494 988 1977 
meeting 1 3 7 15 30 61 123 247 494 989 
negotiations 1 3 7 15 30 61 123 247 495 990 1980 
never 1 3 7 15 30 61 123 247 495 990 1981 
northern 1 3 7 15 30 61 123 247 495 991 
others 1 3 7 15 31 62 124 248 496 992 1984 
p.m. 1 3 7 15 31 62 124 248 496 992 1985 
per 1 3 7 15 31 62 124 248 496 993 1986 
personal 1 3 7 15 31 62 124 248 496 993 1987 
population 1 3 7 15 31 62 124 248 497 994 1988 
positions 1 3 7 15 31 62 124 248 497 994 1989 
practical 1 3 7 15 31 62 124 248 497 995 
press 1 3 7 15 31 62 124 249 498 996 1992 
principles 1 3 7 15 31 62 124 249 498 996 1993 
prodi 1 3 7 15 31 62 124 249 498 997 
properly 1 3 7 15 31 62 124 249 499 998 1996 
reached 1 3 7 15 31 62 124 249 499 998 1997 
really 1 3 7 15 31 62 124 249 499 999 
reasons 1 3 7 15 31 62 125 250 500 1000 2000 
recommendations 1 3 7 15 31 62 125 250 500 1000 2001 
reference 1 3 7 15 31 62 125 250 500 1001 
related 1 3 7 15 31 62 125 250 501 1002 2004 
relating 1 3 7 15 31 62 125 250 501 1002 2005 
relevant 1 3 7 15 31 62 125 250 501 1003 
remember 1 3 7 15 31 62 125 251 502 1004 2008 
repeat 1 3 7 15 31 62 125 251 502 1004 2009 
review 1 3 7 15 31 62 125 251 502 1005 
rule 1 3 7 15 31 62 125 251 503 1006 2012 
seems 1 3 7 15 31 62 125 251 503 1006 2013 
seriously 1 3 7 15 31 62 125 251 503 1007 
show 1 3 7 15 31 63 126 252 504 1008 2016 
spent 1 3 7 15 31 63 126 252 504 1008 2017 
spirit 1 3 7 15 31 63 126 252 504 1009 
stage 1 3 7 15 31 63 126 252 505 1010 2020 
stand 1 3 7 15 31 63 126 252 505 1010 2021 
stated 1 3 7 15 31 63 126 252 505 1011 
statement 1 3 7 15 31 63 126 253 506 1012 2024 
stressed 1 3 7 15 31 63 126 253 506 1012 2025 
supply 1 3 7 15 31 63 126 253 506 1013 
supporting 1 3 7 15 31 63 126 253 507 1014 2028 
taking 1 3 7 15 31 63 126 253 507 1014 2029 
technical 1 3 7 15 31 63 126 253 507 1015 
third 1 3 7 15 31 63 127 254 508 1016 2032 
tool 1 3 7 15 31 63 127 254 508 1016 2033 
unanimously 1 3 7 15 31 63 127 254 508 1017 
urge 1 3 7 15 31 63 127 254 509 1018 2036 
using 1 3 7 15 31 63 127 254 509 1018 2037 
value 1 3 7 15 31 63 127 254 509 1019 
voted 1 3 7 15 31 63 127 255 510 1020 2040 
waterways 1 3 7 15 31 63 127 255 510 1020 2041 
whose 1 3 7 15 31 63 127 255 510 1021 
words 1 3 7 15 31 63 127 255 511 1022 2044 
world 1 3 7 15 31 63 127 255 511 1022 2045 
12 1 3 7 15 31 63 127 255 511 1023 
